194,195,196,197,198,303,304,305,306,307,308,648,649,650,651,652,653,654,660,661,662,663
304,305,306,307,650,651,652,661,810,811,812,1076,1077,1078,1079,1080,1081,1082,1083,1084,1085,1086,1087,1088,1089,1090,1091,1092,1093,1114,1115,1116,1117,1118,1119,1120,1121,1122,1123,1124,1125,1126,1127,1128,1129,1130
108,109,110,154,155,156,203,204,242,243,314,395,477,478,479,480,481,482,483,484,485,486,487,855,857,860,1118,1122,1123,1161,1163,1164
84,152,153,154,241,336,481,482,483,643,750,751,790,1132,1133,1134,1135,1136,1137,1138,1139,1140,1141,1142,1143,1144,1145,1146,1147,1148,1149,1150,1151
56,75,101,128,138,148,150,156,169,373,548,549
0
0
0
0
0
0
0
0
0
